5	-0.074
6	-0.074
18	-0.778
19	-0.428
20	-0.529
21	-0.602
22	-0.626
24	-0.667
25	-0.051
26	0.107
27	0.176
28	0.219
29	0.240
31	-0.072
32	0.102
33	-0.012
34	0.018
35	-0.317
36	0.199
38	0.297
39	0.876
41	-0.087
42	-0.302
43	-0.387
44	-1.157
45	-0.447
47	0.290
48	0.838
50	0.238
51	0.102
52	0.060
53	-0.501
54	-0.319
55	-0.072
56	0.067
57	0.147
58	0.250
59	0.308
60	0.164
61	0.180
62	0.139
64	-0.479
66	-0.238
67	-0.322
68	-0.322
69	-0.309
73	-0.264
74	-0.340
76	-0.810
77	-0.307
79	-0.087
80	-0.039
81	-0.039
82	0.045
84	0.164
85	0.223
86	0.162
88	0.057
89	0.041
90	0.023
91	0.031
92	0.023
93	0.028
94	-0.048
97	0.187
98	0.166
99	0.166
100	0.188
108	-0.263
109	-0.294
110	-0.211
111	-0.055
112	-0.008
113	-0.053
114	-0.053
115	-0.074
116	-0.116
119	0.106
120	0.106

